7.872431507	4.439196078	52	1	222.2	3	4	41
7.51719863	4.541916667	32	1	177.5	1	1	41
8.626657534	5.634392157	63	1	217.9	2	2	3
7.048582192	3.582176471	51	4	244.1	3	4	41
8.848164384	4.773877451	57	1	183.8	1	1	40
8.227767123	3.167392157	69	1	626          4	5	13
6.532739726	4.409235294	68	5	971.8	4	5	39
9.032431507	3.789985294	66	1	153.3	2	2	39
8.580582192	4.395985294	55	2	236.2	1	1	39
5.974130137	3.740269608	29	2	280.8	3	4	3
7.237479452	3.756514706	52	2	2280.4	3	4	38
7.771869863	4.711117647	70	3	244.7	3	4	15
8.517780822	4.541867647	54	2	209.9	2	2	37
6.489582192	4.670730392	69	1	167.19	2	2	41
8.756226027	4.78620098	47	2	234.16	2	2	5
7.593246575	4.145107843	48	1	602.16	2	2	2
8.966013699	5.513387255	36	1	254.45	3	2	14
7.291958904	4.268147059	37	1	189.89	1	1	53
8.032239726	4.416990196	68	1	262.2	2	2	9
6.594465753	4.554578431	59	1	429.3	1	1	53
